2 0.538125 0.3688888890625 0.534375 0.38555555625000004 0.5287499999999999 0.392222221875 0.5325 0.3966666671875 0.568125 0.3466666671875 0.57625 0.32555555625 0.561875 0.3433333328125 0.546875 0.35 0.538125 0.3688888890625
2 0.963125 0 0.9625 0.0066666671875 0.9525 0.02444444375 0.9412499999999999 0.022222221875 0.95375 0.0533333328125 0.95875 0.0566666671875 0.9625 0.052222221874999995 0.9818749999999999 0 0.963125 0
2 0.333125 0.5911111109375 0.335 0.63555555625 0.34187500000000004 0.6433333328125 0.346875 0.632222221875 0.34750000000000003 0.61 0.34249999999999997 0.5700000000000001 0.3375 0.5766666671875 0.333125 0.5911111109375
2 0.29500000000000004 0.7111111109375 0.301875 0.70444444375 0.304375 0.6944444437499999 0.3175 0.6733333328125 0.321875 0.6533333328125 0.313125 0.6533333328125 0.29500000000000004 0.7033333328125 0.29500000000000004 0.7111111109375
2 0.46687500000000004 0.7488888890625 0.47437500000000005 0.727777778125 0.5081249999999999 0.587777778125 0.501875 0.5866666671874999 0.48624999999999996 0.5988888890624999 0.47750000000000004 0.617777778125 0.468125 0.642222221875 0.45875000000000005 0.7011111109375 0.45062499999999994 0.7266666671875 0.4425 0.77 0.43562500000000004 0.7755555562499999 0.4375 0.7811111109375 0.436875 0.79 0.43499999999999994 0.79 0.43499999999999994 0.8099999999999999 0.45062499999999994 0.8111111109375001 0.45625 0.7888888890625 0.464375 0.7711111109375001 0.46687500000000004 0.7488888890625
2 0.42625 0.88444444375 0.421875 0.9055555562500001 0.42750000000000005 0.9066666671875 0.43187499999999995 0.902222221875 0.43562500000000004 0.887777778125 0.43624999999999997 0.8688888890625 0.4325 0.8688888890625 0.43062500000000004 0.8800000000000001 0.42625 0.88444444375
2 0.5443749999999999 0.502222221875 0.55375 0.497777778125 0.56125 0.48555555625 0.5599999999999999 0.46555555625 0.563125 0.4588888890625 0.569375 0.45444444375000004 0.58375 0.45444444375000004 0.586875 0.447777778125 0.599375 0.442222221875 0.599375 0.412222221875 0.608125 0.40555555625000006 0.61625 0.37666666718749997 0.63625 0.337777778125 0.640625 0.337777778125 0.6425 0.34444444375 0.64625 0.3433333328125 0.658125 0.3233333328125 0.6693749999999999 0.317777778125 0.67875 0.3 0.6875 0.2888888890625 0.69375 0.2866666671875 0.7025 0.26555555625 0.70625 0.2633333328125 0.705 0.25666666718750003 0.7162499999999999 0.2211111109375 0.714375 0.22000000000000003 0.71375 0.202222221875 0.7175 0.1966666671875 0.696875 0.192222221875 0.6793750000000001 0.212222221875 0.663125 0.222222221875 0.64625 0.22444444375 0.6425 0.2311111109375 0.63875 0.2311111109375 0.631875 0.242222221875 0.635625 0.24555555624999997 0.63125 0.26555555625 0.623125 0.2666666671875 0.615 0.27999999999999997 0.6131249999999999 0.29 0.599375 0.30333333281249997 0.603125 0.31555555625 0.599375 0.3211111109375 0.6025 0.3166666671875 0.608125 0.32555555625 0.604375 0.3411111109375 0.5912499999999999 0.3588888890625 0.588125 0.3711111109375 0.579375 0.37666666718749997 0.5775 0.39 0.56875 0.407777778125 0.559375 0.397777778125 0.5575 0.41 0.545 0.41777777812499994 0.5393749999999999 0.427777778125 0.54 0.43666666718749997 0.54625 0.4388888890625 0.5493750000000001 0.45444444375000004 0.54375 0.462222221875 0.54125 0.48 0.536875 0.47888888906249993 0.530625 0.497777778125 0.5443749999999999 0.502222221875
2 0.7725 0.21000000000000002 0.7975 0.172222221875 0.811875 0.16999999999999998 0.8162499999999999 0.16555555625 0.809375 0.15111111093750001 0.791875 0.14555555625 0.7825 0.132222221875 0.771875 0.142222221875 0.760625 0.14555555625 0.733125 0.17444444374999998 0.720625 0.1933333328125 0.714375 0.2133333328125 0.7056250000000001 0.25666666718750003 0.7025 0.262222221875 0.7025 0.2711111109375 0.709375 0.2833333328125 0.714375 0.282222221875 0.7175 0.2633333328125 0.7462500000000001 0.2311111109375 0.7725 0.21000000000000002
2 0.8612500000000001 0.13 0.869375 0.1311111109375 0.8868750000000001 0.10333333281249998 0.881875 0.1 0.8724999999999999 0.102222221875 0.8643750000000001 0.11777777812500001 0.8612500000000001 0.11777777812500001 0.8612500000000001 0.13
2 0.5287499999999999 0.43777777812499996 0.525 0.44000000000000006 0.515625 0.4511111109375 0.505625 0.48 0.50125 0.48555555625 0.500625 0.4888888890625 0.504375 0.4911111109375 0.51375 0.48666666718749996 0.54125 0.45 0.5475 0.43444444375 0.541875 0.43444444375 0.534375 0.442222221875 0.5287499999999999 0.43777777812499996
2 0.421875 0.67 0.42000000000000004 0.6777777781250001 0.39875 0.7144444437499999 0.396875 0.72555555625 0.40374999999999994 0.7311111109375 0.40750000000000003 0.7166666671875 0.42312500000000003 0.7011111109375 0.429375 0.6900000000000001 0.4375 0.66444444375 0.43125 0.6611111109375 0.421875 0.67
2 0.62375 0.357777778125 0.623125 0.322222221875 0.618125 0.3211111109375 0.61875 0.32555555625 0.6056250000000001 0.337777778125 0.603125 0.34555555625 0.6 0.347777778125 0.598125 0.34444444375 0.598125 0.35444444375 0.593125 0.36444444374999996 0.586875 0.3688888890625 0.5875 0.3788888890625 0.5825 0.38444444375 0.5856250000000001 0.4033333328125 0.5962500000000001 0.412222221875 0.6075 0.392222221875 0.61375 0.37 0.61875 0.367777778125 0.62375 0.357777778125
2 0.47375 0.63444444375 0.465 0.67 0.464375 0.6977777781250001 0.46624999999999994 0.7066666671874999 0.469375 0.69555555625 0.479375 0.68444444375 0.49000000000000005 0.6611111109375 0.48624999999999996 0.6555555562500001 0.48312499999999997 0.632222221875 0.47375 0.63444444375
2 0.5131249999999999 0.59555555625 0.5181250000000001 0.5944444437499999 0.5225 0.5722222218749999 0.533125 0.5633333328125001 0.5337500000000001 0.55444444375 0.548125 0.5233333328125 0.55625 0.4966666671875 0.5625 0.48666666718749996 0.57125 0.4533333328125 0.576875 0.45444444375000004 0.5806250000000001 0.447777778125 0.58375 0.45 0.5875 0.44000000000000006 0.58 0.43 0.573125 0.43666666718749997 0.56125 0.42111111093750003 0.5549999999999999 0.4233333328125 0.553125 0.43555555625000003 0.5475 0.43777777812499996 0.5425 0.45222222187499994 0.530625 0.4711111109375 0.530625 0.48333333281249996 0.52625 0.4888888890625 0.5175 0.5211111109375001 0.5131249999999999 0.52 0.51125 0.532222221875 0.505625 0.54 0.501875 0.567777778125 0.49749999999999994 0.5700000000000001 0.48312499999999997 0.6044444437500001 0.48250000000000004 0.61444444375 0.48624999999999996 0.612222221875 0.496875 0.6311111109375 0.5 0.63 0.505625 0.61555555625 0.504375 0.597777778125 0.51 0.5911111109375 0.5131249999999999 0.59555555625
2 0.7006249999999999 0.7111111109375 0.7025 0.6888888890625 0.6956249999999999 0.6833333328125 0.6956249999999999 0.672222221875 0.711875 0.6466666671875 0.729375 0.63 0.72875 0.6111111109375 0.711875 0.5944444437499999 0.7025 0.5722222218749999 0.7025 0.56444444375 0.6975 0.562222221875 0.690625 0.5511111109375 0.68875 0.52444444375 0.685625 0.512222221875 0.6775 0.49888888906249995 0.665 0.5011111109375 0.64125 0.5211111109375001 0.6381249999999999 0.5599999999999999 0.64 0.56555555625 0.63625 0.5833333328125 0.635625 0.597777778125 0.640625 0.63555555625 0.6643749999999999 0.6988888890625 0.6743750000000001 0.7166666671875 0.6925 0.73 0.6975 0.7433333328125 0.701875 0.742222221875 0.7006249999999999 0.7111111109375
2 0.8706250000000001 0.43333333281249997 0.860625 0.392222221875 0.8400000000000001 0.322222221875 0.835625 0.3166666671875 0.8106249999999999 0.317777778125 0.783125 0.32999999999999996 0.7737499999999999 0.372222221875 0.76125 0.4 0.759375 0.42000000000000004 0.7625 0.4388888890625 0.79375 0.46666666718750005 0.80375 0.47000000000000003 0.80625 0.48 0.8375 0.482222221875 0.871875 0.44888888906249996 0.8706250000000001 0.43333333281249997
2 0.999375 0.7011111109375 0.9949999999999999 0.6966666671875 0.990625 0.6716666671875 0.975625 0.49888888906249995 0.965625 0.44000000000000006 0.9650000000000001 0.412222221875 0.945 0.35111111093749997 0.930625 0.34888888906250004 0.9237500000000001 0.3566666671875 0.9075 0.40555555625000006 0.89875 0.44888888906249996 0.8881249999999999 0.4766666671875 0.89375 0.5133333328125 0.9025000000000001 0.5311111109375 0.906875 0.5599999999999999 0.93875 0.67555555625 0.993125 0.802222221875 0.9962500000000001 0.802222221875 0.999375 0.7966666671875 0.999375 0.7011111109375
2 0.54125 0.92444444375 0.545 0.9333333328125001 0.57375 0.9511111109374999 0.5875 0.9488888890625 0.596875 0.9366666671875 0.60875 0.9311111109375 0.59875 0.9133333328125 0.609375 0.8800000000000001 0.6131249999999999 0.8466666671875 0.62 0.8400000000000001 0.624375 0.81555555625 0.56125 0.74 0.55625 0.737777778125 0.5525 0.7411111109374999 0.53625 0.7633333328125 0.504375 0.82444444375 0.503125 0.83444444375 0.505625 0.8444444437499999 0.509375 0.8444444437499999 0.5125 0.8566666671875 0.515 0.8577777781249999 0.521875 0.9088888890625 0.525625 0.917777778125 0.54125 0.92444444375
2 0.64125 0.8099999999999999 0.64625 0.812222221875 0.64625 0.7977777781250001 0.6425 0.7933333328125001 0.641875 0.7733333328125 0.65 0.7633333328125 0.6681250000000001 0.72 0.655 0.6977777781250001 0.641875 0.66555555625 0.61875 0.64444444375 0.61625 0.632222221875 0.61125 0.6233333328125 0.6056250000000001 0.6211111109375 0.5662499999999999 0.6677777781249999 0.565625 0.67444444375 0.57125 0.6966666671875 0.5706249999999999 0.70555555625 0.600625 0.752222221875 0.61875 0.77 0.62625 0.7877777781249999 0.634375 0.7911111109375 0.64125 0.8099999999999999
2 0.7424999999999999 0.9611111109375001 0.74375 0.9666666671874999 0.7474999999999999 0.9666666671874999 0.759375 0.9811111109375 0.781875 0.9988888890625001 0.8412499999999999 0.9988888890625001 0.8425 0.9811111109375 0.838125 0.9744444437500001 0.8306250000000001 0.9744444437500001 0.8243750000000001 0.9688888890625 0.806875 0.9488888890625 0.784375 0.9033333328125 0.7625 0.8733333328124999 0.73375 0.8177777781250001 0.7106250000000001 0.7877777781249999 0.7025 0.7666666671875 0.688125 0.7511111109375 0.685625 0.742222221875 0.67375 0.7388888890625 0.64375 0.7755555562499999 0.64375 0.7855555562500001 0.651875 0.81555555625 0.650625 0.8222222218749999 0.6587500000000001 0.837777778125 0.6675 0.8755555562499999 0.678125 0.8922222218750001 0.6956249999999999 0.9066666671875 0.7424999999999999 0.9611111109375001
2 0.649375 0.9666666671874999 0.6431250000000001 0.95 0.6131249999999999 0.93444444375 0.6 0.9333333328125001 0.585 0.9455555562500001 0.5675 0.9455555562500001 0.5875 0.9588888890625 0.5875 0.9766666671875001 0.5962500000000001 0.952222221875 0.609375 0.947777778125 0.6212500000000001 0.9533333328125 0.62625 0.9766666671875001 0.6287499999999999 0.9788888890624999 0.649375 0.9666666671874999
2 0.629375 0.98444444375 0.634375 0.9988888890625001 0.6443749999999999 0.9988888890625001 0.63875 0.9855555562499999 0.629375 0.98444444375
2 0.43499999999999994 0.8588888890625 0.43125 0.86 0.40374999999999994 0.93444444375 0.40374999999999994 0.9533333328125 0.399375 0.9577777781249999 0.40062499999999995 0.9666666671874999 0.39625 0.97 0.39625 0.99555555625 0.41624999999999995 0.9988888890625001 0.418125 0.99 0.415625 0.987777778125 0.415625 0.9611111109375001 0.43125 0.9211111109375001 0.4375 0.8766666671875001 0.43499999999999994 0.8588888890625
2 0.4125 0.8366666671875 0.421875 0.802222221875 0.42000000000000004 0.792222221875 0.41187500000000005 0.79555555625 0.40875000000000006 0.8088888890625 0.40750000000000003 0.8355555562499999 0.4125 0.8366666671875
2 0.29625 0.9688888890625 0.308125 0.97 0.320625 0.9544444437499999 0.32375 0.942222221875 0.318125 0.92444444375 0.31 0.9311111109375 0.29562499999999997 0.9633333328125 0.29625 0.9688888890625
2 0.79625 0.09111111093749999 0.79875 0.097777778125 0.80625 0.0988888890625 0.81875 0.08 0.81875 0.07555555625 0.8125 0.072222221875 0.798125 0.08333333281250001 0.79625 0.09111111093749999
2 0.231875 0.11888888906249999 0.22875 0.1288888890625 0.228125 0.13888888906250002 0.23125 0.14555555625 0.24500000000000002 0.13999999999999999 0.255 0.1266666671875 0.258125 0.1066666671875 0.255625 0.102222221875 0.244375 0.1066666671875 0.231875 0.11888888906249999