1 0.572265625 0.421875 0.572265625 0.4348958328125 0.5771484375 0.43836805625 0.57861328125 0.4479166671875 0.58837890625 0.4513888890625 0.5986328125 0.4973958328125 0.607421875 0.49913194375 0.61181640625 0.5095486109375 0.61572265625 0.5104166671875 0.61572265625 0.4817708328125 0.60791015625 0.4583333328125 0.609375 0.4470486109375 0.61572265625 0.43663194375 0.61572265625 0.4079861109375 0.6142578125 0.39930555624999997 0.607421875 0.3854166671875 0.5986328125 0.38194444375000003 0.5947265625 0.375 0.591796875 0.3454861109375 0.595703125 0.33246527812500004 0.5927734375 0.3216145828125 0.591796875 0.30381944375000003 0.5791015625 0.30381944375000003 0.57666015625 0.3064236109375 0.578125 0.3107638890625 0.572265625 0.31597222187499996 0.57080078125 0.3255208328125 0.56396484375 0.3333333328125 0.56396484375 0.34027777812500004 0.5693359375 0.34027777812500004 0.5751953125 0.3489583328125 0.5703125 0.3828125 0.56689453125 0.3845486109375 0.568359375 0.3880208328125 0.56689453125 0.3958333328125 0.572265625 0.421875
1 0.67138671875 0.8411458328125001 0.6865234375 0.8142361109375 0.6875 0.7864583328125 0.68310546875 0.777777778125 0.681640625 0.7517361109375 0.66845703125 0.7274305562500001 0.66455078125 0.715277778125 0.66552734375 0.6883680562500001 0.66015625 0.6848958328125 0.6484375 0.6883680562500001 0.6455078125 0.6935763890625 0.64892578125 0.730902778125 0.64892578125 0.824652778125 0.65087890625 0.8272569437499999 0.65478515625 0.8567708328125001 0.658203125 0.859375 0.6630859375 0.8463541671874999 0.67138671875 0.8411458328125001
1 0.6005859375 0.9626736109375 0.6015625 0.9748263890625 0.609375 0.9921875 0.61376953125 0.9991319437499999 0.62060546875 0.9991319437499999 0.62451171875 0.9939236109375 0.62548828125 0.9739583328125001 0.61767578125 0.9635416671874999 0.6162109375 0.9470486109375 0.619140625 0.9383680562500001 0.626953125 0.940972221875 0.62646484375 0.9357638890625 0.630859375 0.9244791671874999 0.62646484375 0.9201388890625 0.626953125 0.9140625 0.63037109375 0.9114583328125001 0.63427734375 0.9131944437499999 0.640625 0.8967013890625 0.6376953125 0.8602430562500001 0.6396484375 0.8255208328125001 0.6376953125 0.8064236109375 0.6376953125 0.7899305562500001 0.6396484375 0.784722221875 0.6376953125 0.7361111109375 0.64013671875 0.7248263890625 0.6376953125 0.7092013890625 0.63818359375 0.6961805562500001 0.630859375 0.6901041671875 0.619140625 0.6901041671875 0.6142578125 0.7178819437499999 0.59130859375 0.7439236109375 0.59228515625 0.7795138890625 0.58984375 0.7881944437499999 0.58349609375 0.7977430562500001 0.58154296875 0.8064236109375 0.57958984375 0.8220486109375 0.58154296875 0.831597221875 0.59375 0.84375 0.59423828125 0.8498263890625 0.59619140625 0.8515625 0.5947265625 0.8567708328125001 0.5966796875 0.9548611109375 0.6005859375 0.9626736109375
1 0.427734375 0.6024305562500001 0.41943359375 0.6024305562500001 0.41943359375 0.6076388890625 0.42724609375 0.6085069437499999 0.427734375 0.6024305562500001
1 0.44189453125 0.5720486109375 0.4482421875 0.5295138890625 0.443359375 0.5182291671875 0.4365234375 0.5208333328125 0.4345703125 0.53125 0.4365234375 0.5538194437499999 0.42919921875 0.5651041671875 0.4228515625 0.582465278125 0.4228515625 0.5859375 0.4267578125 0.5876736109375 0.43115234375 0.598090278125 0.44189453125 0.5720486109375
1 0.46142578125 0.2560763890625 0.4267578125 0.2517361109375 0.4228515625 0.2560763890625 0.419921875 0.26996527812500004 0.4228515625 0.2951388890625 0.42236328125 0.3376736109375 0.427734375 0.3671875 0.43310546875 0.35850694375000003 0.4453125 0.31163194375000003 0.44873046875 0.3064236109375 0.4609375 0.2673611109375 0.46142578125 0.2560763890625
1 0.7333984375 0.11805555625 0.73291015625 0.1015625 0.72802734375 0.08333333281250001 0.72802734375 0.06857638906249999 0.71337890625 0.042534721875 0.70849609375 0.0442708328125 0.70458984375 0.0564236109375 0.70361328125 0.06770833281250001 0.7080078125 0.07986111093750001 0.71142578125 0.08333333281250001 0.7099609375 0.109375 0.71630859375 0.1189236109375 0.72705078125 0.11024305625 0.73193359375 0.1189236109375 0.7333984375 0.11805555625
1 0.7705078125 0.08420138906249999 0.75732421875 0.066840278125 0.74951171875 0.0703125 0.7490234375 0.08072916718749999 0.75732421875 0.098090278125 0.75927734375 0.10850694375 0.76416015625 0.105034721875 0.76708984375 0.1145833328125 0.77294921875 0.1145833328125 0.7744140625 0.1032986109375 0.7705078125 0.08420138906249999
1 0.83984375 0.18576388906250002 0.83642578125 0.16579861093749998 0.830078125 0.16319444375 0.82666015625 0.1822916671875 0.83642578125 0.25086805624999997 0.841796875 0.26128472187499996 0.84375 0.2560763890625 0.84228515625 0.23697916718749998 0.8486328125 0.21267361093749998 0.84765625 0.19704861093749998 0.83984375 0.18576388906250002
1 0.72021484375 0.18055555625 0.7197265625 0.19704861093749998 0.71435546875 0.22395833281250002 0.73193359375 0.21961805625 0.736328125 0.2265625 0.73974609375 0.214409721875 0.732421875 0.18315972187500001 0.72509765625 0.17621527812499999 0.72021484375 0.18055555625
1 0.267578125 0.3385416671875 0.26025390625 0.3142361109375 0.248046875 0.2951388890625 0.24072265625 0.28993055624999997 0.21630859375 0.2873263890625 0.20751953125 0.296875 0.19287109375 0.30034722187499996 0.1875 0.3072916671875 0.1865234375 0.32118055624999997 0.18994140625 0.3307291671875 0.228515625 0.3776041671875 0.248046875 0.3802083328125 0.255859375 0.3732638890625 0.26513671875 0.3576388890625 0.267578125 0.34461805624999997 0.267578125 0.3385416671875
1 0 0.12673611093749998 0.017578125 0.13368055625 0.02490234375 0.13107638906250002 0.03125 0.121527778125 0.03515625 0.105034721875 0.03125 0.08767361093750001 0.02294921875 0.081597221875 0.00244140625 0.07638888906249999 0 0.07638888906249999 0 0.12673611093749998
1 0.267578125 0.4817708328125 0.2626953125 0.5017361109375 0.2626953125 0.512152778125 0.2724609375 0.5217013890625 0.2802734375 0.5243055562500001 0.2919921875 0.5182291671875 0.2919921875 0.4861111109375 0.287109375 0.47743055625 0.2783203125 0.4765625 0.267578125 0.4817708328125
1 0.369140625 0.5052083328125 0.357421875 0.5234375 0.3564453125 0.5286458328125 0.3583984375 0.5364583328125 0.3681640625 0.546875 0.38037109375 0.5451388890625 0.384765625 0.5364583328125 0.38134765625 0.5095486109375 0.3779296875 0.5060763890625 0.369140625 0.5052083328125
1 0.45849609375 0.8914930562500001 0.455078125 0.8914930562500001 0.4521484375 0.8958333328125001 0.4501953125 0.910590278125 0.4453125 0.9140625 0.447265625 0.9453125 0.43994140625 0.9548611109375 0.443359375 0.973090278125 0.44775390625 0.9748263890625 0.45263671875 0.9661458328125001 0.45751953125 0.9661458328125001 0.46240234375 0.980902778125 0.4619140625 0.9930555562500001 0.4658203125 0.9991319437499999 0.525390625 0.9947916671874999 0.52490234375 0.9895833328125001 0.51611328125 0.984375 0.513671875 0.9791666671874999 0.509765625 0.980034721875 0.5029296875 0.96875 0.50146484375 0.9461805562500001 0.50390625 0.9383680562500001 0.5166015625 0.9348958328125001 0.52197265625 0.9279513890625 0.5224609375 0.8993055562500001 0.50048828125 0.7881944437499999 0.50146484375 0.7786458328125 0.49755859375 0.7560763890625 0.4873046875 0.7447916671875 0.478515625 0.7508680562500001 0.478515625 0.7560763890625 0.47216796875 0.7638888890625 0.4609375 0.762152778125 0.455078125 0.7560763890625 0.45068359375 0.776909721875 0.44140625 0.7829861109375 0.43798828125 0.7899305562500001 0.43701171875 0.8107638890625 0.44775390625 0.8133680562500001 0.45458984375 0.8255208328125001 0.46337890625 0.8272569437499999 0.47021484375 0.8333333328125001 0.46826171875 0.8411458328125001 0.466796875 0.8723958328125001 0.45849609375 0.8914930562500001
1 0.494140625 0.707465278125 0.49462890625 0.6927083328125 0.486328125 0.698784721875 0.48828125 0.722222221875 0.49365234375 0.746527778125 0.50537109375 0.776909721875 0.509765625 0.78125 0.51123046875 0.776909721875 0.5048828125 0.7630208328125 0.49853515625 0.7196180562500001 0.494140625 0.707465278125
1 0.50439453125 0.6501736109375 0.49609375 0.6328125 0.4892578125 0.6258680562500001 0.47265625 0.6241319437499999 0.45654296875 0.6345486109375 0.45556640625 0.6458333328125 0.458984375 0.6579861109375 0.46728515625 0.6692708328125 0.4814453125 0.6788194437499999 0.4814453125 0.6892361109375 0.490234375 0.6883680562500001 0.50390625 0.6692708328125 0.50439453125 0.6501736109375
1 0.53564453125 0.8828125 0.5361328125 0.8958333328125001 0.5390625 0.9036458328125001 0.544921875 0.9114583328125001 0.55029296875 0.910590278125 0.552734375 0.890625 0.5458984375 0.8723958328125001 0.5390625 0.8732638890625 0.53564453125 0.8828125
1 0.591796875 0.7439236109375 0.587890625 0.7413194437499999 0.5830078125 0.7430555562500001 0.568359375 0.765625 0.56982421875 0.8020833328125001 0.57373046875 0.815972221875 0.57958984375 0.8203125 0.58251953125 0.801215278125 0.5888671875 0.7881944437499999 0.5927734375 0.7717013890625 0.59033203125 0.7482638890625 0.591796875 0.7439236109375
1 0.5830078125 0.9053819437499999 0.57666015625 0.9166666671874999 0.57763671875 0.9435763890625 0.57958984375 0.9470486109375 0.58544921875 0.9401041671874999 0.591796875 0.9470486109375 0.59765625 0.9279513890625 0.59619140625 0.9001736109375 0.591796875 0.8993055562500001 0.5830078125 0.9053819437499999
1 0.7099609375 0.7873263890625 0.71923828125 0.7881944437499999 0.7255859375 0.7717013890625 0.7236328125 0.746527778125 0.7197265625 0.7421875 0.71142578125 0.7560763890625 0.7099609375 0.7647569437499999 0.7099609375 0.7873263890625
1 0.7041015625 0.2751736109375 0.703125 0.2838541671875 0.70458984375 0.28819444375000003 0.71630859375 0.28211805624999997 0.71875 0.2751736109375 0.72216796875 0.25347222187499996 0.712890625 0.23697916718749998 0.708984375 0.24479166718749998 0.7041015625 0.2751736109375
1 0.85888671875 0.2517361109375 0.8603515625 0.2682291671875 0.86474609375 0.27430555624999997 0.86865234375 0.2734375 0.87060546875 0.2630208328125 0.8681640625 0.25 0.8603515625 0.24913194375 0.85888671875 0.2517361109375