1 0.62883771875 0.48172514531250005 0.6266447375 0.5807748546875 0.626096490625 0.654970759375 0.62883771875 0.7309941515625 0.630756578125 0.73976608125 0.6345942984375 0.6005116953125 0.633223684375 0.4788011703125 0.6318530703125 0.4499269015625 0.630756578125 0.44554093593750005 0.62883771875 0.48172514531250005
1 0.5953947375 0.6399853796875 0.5962171046875 0.6374269015625 0.599506578125 0.6341374265625 0.5997807015625 0.624634503125 0.603618421875 0.618421053125 0.6022478062500001 0.6027046781250001 0.6033442984375 0.5932017546874999 0.5959429828125 0.5563910812499999 0.5953947375 0.5423976609375 0.593475878125 0.5438596484375 0.5849780703125 0.544956140625 0.5860745609375 0.57419590625 0.5860745609375 0.601973684375 0.5849780703125 0.60709064375 0.586348684375 0.614400584375 0.5858004390625 0.619152046875 0.5896381578125001 0.6374269015625 0.5915570171875 0.6399853796875 0.5953947375 0.6399853796875
1 0.552631578125 0.6421783624999999 0.5463267546874999 0.618421053125 0.5446820171875 0.5847953218749999 0.54303728125 0.5760233921875 0.541118421875 0.5749269015625 0.5408442984375 0.5946637421875 0.5419407890625 0.6016081875 0.541118421875 0.6100146203125 0.546600878125 0.6505847953125 0.5463267546874999 0.669956140625 0.5485197375 0.6725146203125 0.552631578125 0.6516812859375001 0.552631578125 0.6421783624999999
1 0.568256578125 0.680921053125 0.5701754390625 0.6542397656250001 0.565241228125 0.6041666671875 0.56633771875 0.5833333328125 0.564418859375 0.563596490625 0.563596490625 0.567616959375 0.5638706140624999 0.5946637421875 0.5619517546874999 0.607456140625 0.5649671046875 0.6673976609375 0.56332236875 0.6853070171875 0.56551535 0.717470759375 0.56798245625 0.7196637421875 0.569078946875 0.7010233921875 0.568256578125 0.680921053125
1 0.537006578125 0.7390350875 0.537006578125 0.7309941515625 0.53426535 0.7218567250000001 0.5328947375 0.71016081875 0.5317982453125001 0.7086988296875 0.530153509375 0.689327484375 0.5290570171875 0.6896929828125 0.5276864031249999 0.6973684203125 0.5290570171875 0.71491228125 0.531524121875 0.7203947359375 0.5328947375 0.734649121875 0.52576754375 0.7401315796875 0.530975878125 0.74378655 0.533168859375 0.748172515625 0.53426535 0.7423245609375 0.537006578125 0.7390350875
1 0.5271381578125001 0.6030701765625001 0.5243969296875 0.5807748546875 0.524945175 0.5760233921875 0.521381578125 0.5716374265625 0.52110745625 0.59137426875 0.523026315625 0.59758771875 0.5235745609375 0.6041666671875 0.521381578125 0.61878655 0.52110745625 0.6385233921875 0.5252192984375 0.6494883046875 0.525493421875 0.618421053125 0.5271381578125001 0.6030701765625001
1 0.45230263125 0.5266812859375001 0.4640899125 0.7302631578125001 0.46655701718750003 0.756578946875 0.468475878125 0.751827484375 0.46875 0.739400584375 0.46573465000000003 0.652777778125 0.458881578125 0.5592105265625 0.45476973750000005 0.5244883046875 0.45230263125 0.5266812859375001
1 0.430098684375 0.5482456140624999 0.427631578125 0.5233918125 0.4265350875 0.523026315625 0.425438596875 0.51790935625 0.42351973750000005 0.5168128656250001 0.43146929843750004 0.625 0.43146929843750004 0.6385233921875 0.437225878125 0.6725146203125 0.438596490625 0.69298245625 0.439418859375 0.694078946875 0.44078947343749997 0.665935671875 0.43146929843750004 0.551900584375 0.430098684375 0.5482456140624999
1 0.42845394687500005 0.688596490625 0.42516447343749997 0.6461988296875 0.422971490625 0.6388888890625 0.420778509375 0.6359649125 0.419956140625 0.6297514609375 0.412006578125 0.60233918125 0.4109100875 0.603435671875 0.4103618421875 0.625 0.40460526249999995 0.6381578953125 0.404331140625 0.6421783624999999 0.4111842109375 0.663742690625 0.4131030703125 0.6838450296875 0.412006578125 0.689327484375 0.41584429843750004 0.69371345 0.41940789531249995 0.6907894734375 0.427631578125 0.6907894734375 0.42845394687500005 0.688596490625
1 0.396381578125 0.562865496875 0.395010965625 0.5625 0.39364034999999997 0.5588450296875 0.3922697375 0.5475146203125 0.39144736875 0.5493421046875 0.391721490625 0.5610380109374999 0.3955592109375 0.573830409375 0.396381578125 0.5869883046875 0.399671053125 0.5994152046875 0.4010416671875 0.6005116953125 0.40241228125 0.5994152046875 0.40021929843750004 0.5796783624999999 0.396381578125 0.562865496875
1 0.3881578953125 0.5307017546874999 0.3881578953125 0.5416666671875 0.3892543859375 0.544956140625 0.3900767546875 0.540935671875 0.3881578953125 0.5307017546874999
1 0.408168859375 0.7514619890625001 0.40953947343749997 0.748172515625 0.4103618421875 0.7244152046875 0.408168859375 0.7141812859375001 0.40707236875 0.7138157890625 0.407346490625 0.748172515625 0.408168859375 0.7514619890625001
1 0.38103070156249996 0.6123903515625 0.38212719375000004 0.6081871343749999 0.38514254375 0.60709064375 0.382401315625 0.6038011703125 0.383223684375 0.59137426875 0.381578946875 0.585526315625 0.3728070171875 0.517543859375 0.3697916671875 0.5211988296875 0.375 0.56871345 0.3796600875 0.59612573125 0.3771929828125 0.6078216375000001 0.37883771875 0.6111111109375 0.3791118421875 0.620614034375 0.3782894734375 0.6228070171875 0.380756578125 0.6297514609375 0.38103070156249996 0.6123903515625
1 0.396381578125 0.6334064328125 0.39364034999999997 0.629385965625 0.3939144734375 0.6228070171875 0.392543859375 0.6129385968750001 0.388706140625 0.609649121875 0.3884320171875 0.61951754375 0.390625 0.6235380109374999 0.3955592109375 0.653508771875 0.39610745625 0.6692251453125 0.39775219375000004 0.6703216375000001 0.3985745609375 0.6491228062500001 0.39665570156249996 0.6407163734375 0.396381578125 0.6334064328125
1 0.400493421875 0.7010233921875 0.404331140625 0.7116228062500001 0.40405701718750003 0.6959064328125 0.40021929843750004 0.67105263125 0.39912280624999996 0.671418128125 0.398848684375 0.683114034375 0.400493421875 0.7010233921875
1 0.40953947343749997 0.7244152046875 0.40789473750000005 0.7171052640625 0.408168859375 0.748903509375 0.40953947343749997 0.7244152046875
1 0.400493421875 0.6666666671875 0.399945175 0.646564328125 0.39775219375000004 0.641081871875 0.3928179828125 0.612207603125 0.3892543859375 0.6030701765625001 0.388706140625 0.5957602343749999 0.387883771875 0.5957602343749999 0.3873355265625 0.607456140625 0.3900767546875 0.61951754375 0.40021929843750004 0.7021198828124999 0.40405701718750003 0.7127192984375 0.405153509375 0.7130847953125 0.405975878125 0.711257309375 0.404331140625 0.6907894734375 0.400493421875 0.6666666671875
1 0.35334429843750004 0.5416666671875 0.3462171046875 0.5416666671875 0.3415570171875 0.5482456140624999 0.3415570171875 0.564327484375 0.3451206140625 0.5657894734375 0.35224780624999996 0.5760233921875 0.35334429843750004 0.5793128656250001 0.3571820171875 0.578581871875 0.3571820171875 0.55701754375 0.353618421875 0.5467836265625 0.35334429843750004 0.5416666671875
1 0.259868421875 0.6162280703125 0.2516447375 0.620614034375 0.25027412187500003 0.6224415203125 0.2505482453125 0.6264619890625001 0.2541118421875 0.626827484375 0.25959429843750004 0.63121345 0.263706140625 0.630116959375 0.268366228125 0.623172515625 0.2642543859375 0.6176900578125 0.259868421875 0.6162280703125
1 0.452850878125 0.467470759375 0.455043859375 0.466739765625 0.45696271875 0.46271929843750004 0.43969298281249997 0.46162280625 0.43530701718750003 0.46016081875000003 0.42790570156249996 0.4641812859375 0.4265350875 0.4685672515625 0.4265350875 0.48209064375 0.42900219375 0.4901315796875 0.43585526249999995 0.501096490625 0.45010965000000003 0.4904970765625 0.452850878125 0.48684210468750005 0.45367324531250003 0.47807017656250006 0.45148026249999995 0.47112573125 0.452850878125 0.467470759375
1 0.3728070171875 0.4572368421875 0.3700657890625 0.4586988296875 0.368695175 0.466008771875 0.3700657890625 0.46929824531250003 0.3673245609375 0.470760234375 0.365131578125 0.4689327484375 0.3626644734375 0.470029240625 0.3569078953125 0.4802631578125 0.35635965000000003 0.48209064375 0.365131578125 0.49415204687500003 0.365679825 0.48830409374999995 0.3733552625 0.47587719375 0.375 0.47039473593750003 0.3774671046875 0.466739765625 0.376918859375 0.45906432812500003 0.3728070171875 0.4572368421875