2 0.46861128750000003 0.5129629640625 0.484464171875 0.5175925921875 0.5085605578125 0.5175925921875 0.521242865625 0.5120370359375 0.522511096875 0.490740740625 0.5364616359375 0.471296296875 0.5377298671874999 0.45 0.532022828125 0.44259259218749997 0.530754596875 0.43055555625 0.5180722890625 0.41481481562500006 0.514267596875 0.3953703703125 0.49397590312500006 0.3879629640625 0.48002536406249996 0.39074074062499997 0.4724159796875 0.3953703703125 0.4736842109375 0.3990740734375 0.4711477484375 0.40555555625000006 0.466074825 0.4046296296875 0.4641724796875 0.41944444374999995 0.46861128750000003 0.42129629687500003 0.46861128750000003 0.4296296296875 0.4648065953125 0.43148148124999997 0.461001903125 0.4583333328125 0.4648065953125 0.4675925921875 0.4622701328125 0.4824074078125 0.467977171875 0.48981481562500007 0.46861128750000003 0.5129629640625
2 0.485732403125 0.7370370359375 0.48636651875 0.747222221875 0.49714648125 0.7490740734375 0.5066582125 0.7370370359375 0.5066582125 0.7268518515625 0.5003170578125 0.7129629640624999 0.49778059687500004 0.6972222218749999 0.5091946734375 0.6861111109375 0.5079264421875 0.65 0.5060240968749999 0.6416666671875 0.49587824999999996 0.6324074078125 0.49270767187500003 0.6166666671875001 0.4933417875 0.5861111109375 0.48256182656249996 0.577777778125 0.46924540312499996 0.5759259265625001 0.46670894062499996 0.578703703125 0.4641724796875 0.5953703703125 0.465440709375 0.628703703125 0.45846544062500005 0.6574074078125001 0.4622701328125 0.6824074078125 0.47051363437499993 0.6944444437499999 0.47812301875 0.6953703703125 0.4908053265625 0.7074074078125 0.4933417875 0.7212962968750001 0.485732403125 0.7370370359375
4 0.4083703234375 0.425 0.40456563125 0.42222222187499997 0.38300570624999997 0.425 0.3804692453125 0.415740740625 0.376664553125 0.41481481562500006 0.3639822453125 0.4175925921875 0.36334812968749997 0.4546296296875 0.367152821875 0.477777778125 0.3798351296875 0.48796296406249995 0.39885859218749997 0.4824074078125 0.39885859218749997 0.46944444374999994 0.4064679765625 0.44351851875000003 0.413443246875 0.44166666718750003 0.4083703234375 0.425
4 0.4077362078125 0.239814815625 0.405199746875 0.24351851875000002 0.40202916875000005 0.26851851875 0.376664553125 0.30555555624999997 0.376664553125 0.3138888890625 0.393151553125 0.310185184375 0.40329740000000003 0.303703703125 0.4115409 0.289814815625 0.41280913124999996 0.2824074078125 0.4077362078125 0.239814815625
4 0.3170577046875 0.114814815625 0.322130628125 0.109259259375 0.322130628125 0.10370370312499999 0.30247305 0.0981481484375 0.2986683578125 0.1074074078125 0.2999365890625 0.12407407343750002 0.293595434375 0.13333333281249998 0.29296131875000003 0.1425925921875 0.2967660109375 0.147222221875 0.31198478125 0.15092592656249998 0.31452124375 0.1583333328125 0.323398859375 0.1379629640625 0.3170577046875 0.114814815625
4 0.3088142046875 0.20648148125 0.30691185781249997 0.2203703703125 0.310082434375 0.2296296296875 0.313887128125 0.2296296296875 0.32974001249999996 0.2203703703125 0.3253012046875 0.21574074062499998 0.3240329734375 0.209259259375 0.327837665625 0.1888888890625 0.31896005 0.177777778125 0.3164235890625 0.164814815625 0.3183259359375 0.15092592656249998 0.323398859375 0.13888888906250002 0.32022828125 0.12870370312499999 0.3259353203125 0.1175925921875 0.3259353203125 0.089814815625 0.3176918203125 0.0888888890625 0.30944831875 0.0990740734375 0.2980342421875 0.0953703703125 0.29740012656250003 0.114814815625 0.2993024734375 0.1175925921875 0.292327203125 0.1370370359375 0.293595434375 0.14444444375 0.2993024734375 0.1481481484375 0.2967660109375 0.1824074078125 0.30691185781249997 0.1925925921875 0.3088142046875 0.20648148125
1 0.4172479390625 0.1574074078125 0.39632213125 0.139814815625 0.3912492078125 0.1416666671875 0.391883321875 0.1629629640625 0.3842739375 0.178703703125 0.394419784375 0.1879629640625 0.39632213125 0.2129629640625 0.3994927078125 0.2166666671875 0.4064679765625 0.21574074062499998 0.402663284375 0.1925925921875 0.4172479390625 0.1574074078125
2 0.5187064046875001 0.3817870359375 0.52441344375 0.3864166671875 0.530754596875 0.385490740625 0.525047559375 0.366972221875 0.525047559375 0.322527778125 0.521242865625 0.31882407343749997 0.5168040578124999 0.323453703125 0.51109701875 0.3216018515625 0.5015852890625 0.3021574078125 0.5003170578125 0.28641666718750003 0.49778059687500004 0.2817870359375 0.4914394421875 0.28641666718750003 0.485732403125 0.30123148125 0.478757134375 0.304009259375 0.47685478750000004 0.335490740625 0.4831959421875 0.3364166671875 0.48509828749999995 0.35123148125000003 0.46987951875 0.3688240734375 0.46861128750000003 0.3901203703125 0.47051363437499993 0.40123148124999997 0.477488903125 0.4058611109375 0.511731134375 0.4077129640625 0.5136334812500001 0.4058611109375 0.51109701875 0.391972221875 0.512999365625 0.385490740625 0.5187064046875001 0.3817870359375
2 0.5104629046875 0.4583333328125 0.5269499046874999 0.459259259375 0.5294863656250001 0.4388888890625 0.5104629046875 0.4240740734375 0.5098287890625001 0.41851851875 0.5079264421875 0.42314814843750004 0.49778059687500004 0.42222222187499997 0.4908053265625 0.427777778125 0.49017121093749993 0.43703703593750004 0.48636651875 0.43796296406249996 0.48509828749999995 0.44259259218749997 0.4914394421875 0.440740740625 0.49904882656250005 0.4509259265625 0.49778059687500004 0.46666666718750005 0.504755865625 0.46666666718750005 0.5104629046875 0.4583333328125
2 0.48636651875 0.49444444374999996 0.48383005625 0.497222221875 0.484464171875 0.5129629640625 0.5066582125 0.5129629640625 0.488268865625 0.48703703593750003 0.49017121093749993 0.478703703125 0.48636651875 0.4824074078125 0.48636651875 0.49444444374999996
8 0.32910589687499997 0.26944444375 0.3525681671875 0.2629629640625 0.3525681671875 0.25740740781250004 0.34749524374999996 0.24814814843750002 0.32910589687499997 0.24814814843750002 0.3272035515625 0.2509259265625 0.32910589687499997 0.26944444375
4 0.4305643625 0.40833333281249995 0.4305643625 0.403703703125 0.42295497812500005 0.396296296875 0.41407736249999993 0.360185184375 0.41027266874999996 0.3583333328125 0.4115409 0.40277777812500004 0.4305643625 0.40833333281249995
2 0.5345592906250001 0.46666666718750005 0.5187064046875001 0.46851851875 0.5187064046875001 0.4796296296875 0.52441344375 0.5074074078125 0.52441344375 0.54444444375 0.5288522515625 0.5518518515624999 0.533925175 0.5453703703125 0.5383639828125 0.5111111109375 0.5383639828125 0.4703703703125 0.5345592906250001 0.46666666718750005
2 0.5478757125 0.4129629640625 0.533925175 0.4046296296875 0.5294863656250001 0.39444444375 0.51616994375 0.39074074062499997 0.5168040578124999 0.4120370359375 0.5294863656250001 0.42592592656250006 0.533291059375 0.44166666718750003 0.5358275203125 0.4453703703125 0.549778059375 0.44351851875000003 0.55168040625 0.4388888890625 0.551046290625 0.4240740734375 0.5478757125 0.4129629640625
4 0.4064679765625 0.5148148156250001 0.396956246875 0.5018518515625 0.391883321875 0.502777778125 0.391883321875 0.527777778125 0.396956246875 0.5296296296875 0.4064679765625 0.5148148156250001
4 0.355104628125 0.439814815625 0.3519340515625 0.43703703593750004 0.34559289843749996 0.4388888890625 0.3462270125 0.4546296296875 0.350665821875 0.459259259375 0.355104628125 0.439814815625
1 0.38934686093750004 0.0953703703125 0.395688015625 0.102777778125 0.4001268234375 0.10185185156250001 0.40202916875000005 0.0990740734375 0.40076093906250004 0.0925925921875 0.393151553125 0.08333333281250001 0.3912492078125 0.0861111109375 0.38934686093750004 0.0953703703125
1 0.530754596875 0.2759259265625 0.5351934046875 0.2824074078125 0.54090044375 0.28611111093749997 0.5567533296875 0.2833333328125 0.5466074828124999 0.2518518515625 0.548509828125 0.225 0.5313887125 0.259259259375 0.530754596875 0.2759259265625